RollNo:2	Name:dwd	Marks:24.430000
RollNo:3	Name:sf	Marks:57.400002
