RollNo:1	Name:qw	Marks:12.330000
RollNo:2	Name:qad	Marks:324.500000
